0707.0143
0806.2724
0806.3249
0806.4203
0806.4653
0806.4713
0905.0060
0905.0514
0905.0575
0905.1090
1003.0550
1003.0662
1003.1529
1012.1537
1012.1814
1109.5670
1206.0181
1206.0210
1206.0474
1206.0490
1206.0576
1206.2048
1206.5646
1306.0160
1306.0272
1306.0375
1306.1931
1306.6242
1404.0034
1404.0144
1404.0166
1404.0338
1404.0505
1404.2096
1404.2334
1404.2471
1511.02686
1511.02818
1511.06628
1608.02270
1608.02289
1608.06705
1608.06760
1608.06785
1706.00130
1706.00216
1706.00229
1706.00265
1706.00352
1706.02447
1706.02682
1706.02690
1706.02723
1706.07675
1803.00075
1803.00111
1803.00116
1907.00220
1907.03635
1907.03899
1907.10397
2009.11016
2104.00138
2105.00030
2105.03798
2203.00054
2203.00090
2203.00091
2203.13025
2211.00113
2211.00151
2308.00148
2308.04175
2308.12591
2308.12641
2403.00028
2403.00048
2403.00092
2403.00100
2403.05490
2404.03001
2405.13491
2410.00037
2410.17949
astro-ph/0104004
astro-ph/9901145
astro-ph/9910297
gr-qc/9901080
hep-ex/0104013
hep-ph/0104299
hep-ph/0111062
hep-ph/0307177
hep-ph/0307181
hep-ph/0605090
hep-ph/0605151
hep-ph/9703230
hep-ph/9901274
hep-th/0104206
hep-th/9901150
math/0408128
math/9901091
nucl-ex/9910015
nucl-th/0104063
physics/9901057
q-alg/9703033
quant-ph/0104053
quant-ph/9910050
solv-int/9910006
