0707.0476
0707.1588
0707.2833
0806.0405
0806.0489
0806.0904
0806.1602
0806.1957
0806.1984
0806.2513
0806.2533
0806.2584
0806.2612
0806.2890
0806.2915
0806.2934
0806.3110
0806.3254
0806.3263
0806.3348
0806.3420
0806.3641
0905.0270
0905.0301
0905.0664
0905.0825
0905.0883
1003.0512
1003.4562
1012.1340
1012.1389
1012.1740
1012.5411
1206.0038
1206.0136
1206.0203
1206.0219
1206.0220
1206.0294
1206.0445
1206.0522
1206.0526
1206.0546
1206.1835
1206.1991
1206.5202
1206.5920
1306.0191
1306.0375
1306.2028
1306.2421
1306.6101
1306.6224
1404.0053
1404.0144
1404.0185
1404.0285
1404.0377
1404.0408
1404.0434
1404.0443
1404.0495
1404.2096
1404.2402
1404.5889
1404.6041
1404.6147
1502.01863
1502.06063
1511.06735
1608.02270
1608.02624
1608.07004
1706.00076
1706.00118
1706.00152
1706.00185
1706.00259
1706.02457
1706.02479
1706.02769
1706.07673
1803.00011
1803.00234
1803.00235
1803.00245
1803.00262
1803.00270
1803.02952
1803.08956
1811.10013
1907.00199
1907.00204
1907.03635
1907.03824
1907.03850
1907.03923
2003.03416
2003.03533
2003.03591
2003.07311
2003.10830
2003.10844
2009.03670
2009.03715
2009.03750
2009.10959
2009.11026
2009.11130
2104.00022
2104.00044
2104.00099
2104.00109
2104.00118
2104.00138
2105.00030
2105.03814
2105.03835
2105.03952
2112.00014
2112.00057
2112.00071
2112.00121
2203.00027
2203.00043
2203.00053
2203.04376
2211.00003
2211.00099
2211.12965
2308.00045
2308.04250
2308.12591
2308.12641
2403.00048
2403.00126
2403.05490
2403.15096
2409.00265
2410.17994
astro-ph--0104004
astro-ph--0307151
astro-ph--0605133
astro-ph--9910525
cond-mat--9703184
cond-mat--9910214
gr-qc--0104085
gr-qc--0111065
gr-qc--9901080
hep-ex--0408060
hep-ex--0408083
hep-ex--0605086
hep-ph--0104299
hep-ph--0111062
hep-ph--0408356
hep-ph--0605129
hep-ph--0605174
hep-ph--0605288
hep-ph--0605319
hep-ph--9703230
hep-ph--9703464
hep-ph--9901233
hep-ph--9901274
hep-th--0104060
hep-th--0104113
hep-th--0104134
hep-th--0111079
hep-th--0111284
hep-th--0408113
hep-th--0408173
hep-th--0501195
hep-th--9703071
hep-th--9703214
hep-th--9901071
math--0307402
math--0408055
math--0408128
math--0408153
math--0605213
math--9901091
nlin--0104073
nlin--0408058
physics--0307013
physics--9901057
quant-ph--9901019