0707.1588
0806.2890
0806.2915
1003.0512
1003.4562
1012.1740
1012.5218
1206.0203
1206.0220
1206.0522
1206.0526
1206.2121
1206.5202
1206.5920
1306.2028
1306.6101
1404.0185
1404.5889
1608.02624
1608.07004
1706.00118
1706.00185
1706.00259
1706.02360
1706.02457
1706.02730
1706.02769
1706.07673
1803.00011
1803.00235
1803.00270
1803.02902
1803.08956
1907.00199
1907.03635
2003.03416
2003.03591
2009.03670
2009.03750
2009.11026
2104.00044
2104.00109
2104.00118
2105.00030
2105.03814
2112.00014
2112.00121
2203.00027
2203.00053
2203.12994
2308.00045
2308.04250
2308.12591
2403.00048
2403.15096
hep-ph--0104029
math--0408133
math--9901091
0707.2833
1012.5411
1206.1835
1404.0443
1502.06189
1511.02818
1706.00331
hep-ph--0104051
hep-ph--0605174
hep-th--9703071
hep-th--9703214
math--0605790
nlin--0104012
physics--9901057
