0707.0167
0707.0954
0707.1325
0707.1618
0707.2016
0707.3673
0707.3928
0707.3972
0707.4481
0806.0300
0806.0302
0806.0627
0806.0663
0806.0848
0806.1393
0806.1894
0806.1968
0806.1978
0806.2265
0806.2344
0806.2430
0806.2457
0806.2482
0806.2506
0806.2538
0806.2630
0806.2690
0806.2714
0806.2759
0806.2783
0806.3011
0806.3080
0806.3106
0806.3127
0806.3199
0806.3244
0806.3249
0806.3354
0806.3377
0806.3557
0806.3824
0806.4088
0806.4130
0806.4446
0806.4916
0806.4971
0905.0207
0905.0213
0905.0344
0905.0345
0905.0376
0905.0474
0905.0580
0905.0674
0905.0733
0905.0948
0905.1001
0905.1145
0905.1210
0905.1295
0905.1718
0905.2328
0905.3982
0905.4051
0905.4200
0905.4796
0905.4874
1003.0148
1003.0237
1003.0328
1003.0340
1003.0579
1003.0589
1003.0639
1003.0694
1003.0732
1003.0851
1003.0925
1003.0938
1003.1045
1003.1122
1003.1338
1003.1550
1003.4514
1003.4994
1003.5197
1003.5240
1003.5286
1003.5338
1012.1059
1012.1816
1012.5112
1012.5223
1109.2031
1109.2053
1109.2144
1109.2205
1109.2455
1109.2560
1109.5631
1109.5682
1109.5732
1206.0016
1206.0037
1206.0045
1206.0086
1206.0120
1206.0138
1206.0181
1206.0212
1206.0215
1206.0242
1206.0279
1206.0290
1206.0406
1206.0410
1206.0453
1206.0485
1206.0549
1206.0576
1206.0593
1206.0656
1206.0719
1206.0721
1206.0723
1206.0735
1206.1745
1206.1854
1206.1993
1206.2072
1206.2250
1206.5217
1206.5329
1206.5500
1206.5580
1206.5628
1306.0019
1306.0068
1306.0073
1306.0080
1306.0099
1306.0141
1306.0273
1306.0314
1306.0337
1306.0364
1306.0385
1306.0397
1306.0402
1306.0515
1306.0516
1306.0560
1306.2352
1306.2357
1306.5694
1306.5771
1306.5783
1306.6030
1404.0016
1404.0055
1404.0120
1404.0171
1404.0178
1404.0225
1404.0337
1404.0364
1404.0447
1404.2042
1404.2112
1404.2268
1404.2289
1404.5660
1404.5720
1404.5865
1404.6028
1502.02083
1502.02155
1502.06003
1502.06256
1502.06597
1502.06625
1511.06706
1511.06717
1511.06765
1608.02387
1608.02444
1608.06693
1608.06714
1608.06740
1608.06785
1608.06793
1608.06981
1608.06992
1706.00014
1706.00022
1706.00055
1706.00065
1706.00066
1706.00093
1706.00094
1706.00111
1706.00167
1706.00175
1706.00232
1706.00249
1706.00255
1706.00266
1706.00273
1706.00279
1706.00308
1706.00357
1706.00363
1706.00370
1706.02381
1706.02429
1706.02443
1706.02515
1706.02532
1706.02550
1706.02554
1706.02723
1706.07606
1706.07675
1706.07796
1706.07875
1803.00009
1803.00018
1803.00038
1803.00056
1803.00058
1803.00116
1803.00145
1803.00155
1803.00181
1803.00199
1803.00208
1803.00243
1803.00260
1803.03185
1803.03209
1803.03249
1803.08870
1803.08879
1811.03502
1811.03643
1811.03697
1811.10012
1811.10027
1907.00015
1907.00019
1907.00076
1907.00113
1907.00128
1907.00132
1907.00133
1907.00141
1907.00196
1907.00216
1907.00231
1907.00238
1907.00248
1907.00292
1907.00315
1907.03836
1907.10458
1907.10468
1907.10523
1907.10621
2003.03430
2003.10897
2009.03796
2009.11007
2009.11013
2009.11053
2104.00034
2104.00046
2104.00098
2104.00127
2104.00135
2105.00036
2105.00067
2105.00072
2105.00077
2105.00102
2105.00130
2105.00135
2105.00144
2105.03735
2105.03746
2105.03808
2105.03875
2105.03915
2105.11449
2105.11450
2105.11451
2111.00045
2111.00104
2111.00134
2111.00158
2112.00003
2112.00020
2112.00022
2112.00080
2112.00129
2112.00137
2112.00143
2203.00074
2203.04336
2203.04341
2203.13025
2203.13026
2211.00010
2211.00011
2211.00014
2211.00045
2211.00111
2211.00128
2211.00145
2211.04452
2211.04453
2211.04466
2211.04534
2211.13022
2308.00001
2308.00020
2308.00140
2308.00148
2308.04153
2308.04175
2308.04246
2308.12622
2308.12648
2310.16788
2401.14887
2401.17274
2403.00013
2403.00017
2403.05444
2403.05497
2403.05507
2403.05542
2403.14735
2403.15078
2403.15134
2403.17888
2410.00065
2410.00079
2410.05969
2410.17902
2410.17903
2410.17949
2410.17963
2410.17983
astro-ph--0104273
astro-ph--0104304
astro-ph--0104382
astro-ph--0104441
astro-ph--0104477
astro-ph--0111368
astro-ph--0111411
astro-ph--0111575
astro-ph--0111599
astro-ph--0307068
astro-ph--0307150
astro-ph--0307192
astro-ph--0307351
astro-ph--0307377
astro-ph--0408223
astro-ph--0408311
astro-ph--0408334
astro-ph--0408407
astro-ph--0408446
astro-ph--0408581
astro-ph--0408582
astro-ph--0408586
astro-ph--0501100
astro-ph--0501130
astro-ph--0501187
astro-ph--0501320
astro-ph--0501323
astro-ph--0501488
astro-ph--0501556
astro-ph--0605222
astro-ph--0605325
astro-ph--9703087
astro-ph--9703185
astro-ph--9901028
astro-ph--9901030
astro-ph--9901032
astro-ph--9901044
astro-ph--9901091
astro-ph--9901109
astro-ph--9901203
astro-ph--9901234
astro-ph--9901302
astro-ph--9901361
astro-ph--9901364
astro-ph--9901399
astro-ph--9910131
astro-ph--9910160
astro-ph--9910272
astro-ph--9910488
chao-dyn--9703017
chao-dyn--9910021
cond-mat--0104108
cond-mat--0104178
cond-mat--0104221
cond-mat--0111300
cond-mat--0408229
cond-mat--0408243
cond-mat--0408500
cond-mat--0501221
cond-mat--9703103
cond-mat--9901018
cond-mat--9901175
cond-mat--9910091
cond-mat--9910116
cond-mat--9910148
cs--0111002
cs--0111043
cs--0408026
cs--9901001
gr-qc--0104075
gr-qc--0104078
gr-qc--0408056
gr-qc--9901037
gr-qc--9910089
hep-ex--9901019
hep-ph--0307177
hep-ph--0307255
hep-ph--0408075
hep-ph--0408080
hep-ph--0408336
hep-ph--0605076
hep-ph--0605151
hep-ph--9901308
hep-th--0104019
hep-th--0104119
hep-th--0104156
hep-th--0307008
hep-th--0408064
hep-th--9910113
hep-th--9910145
hep-th--9910190
hep-th--9910231
math--0104026
math--0104114
math--0104250
math--0111077
math--0408217
math--0408278
math--0408290
math--0501060
math--0501228
math--0605284
math--0605340
math--0605552
math--9703222
math--9901014
math--9901015
math--9901050
math--9901067
math--9910177
math-ph--0408047
nlin--0408002
nucl-ex--0111004
nucl-th--0111058
nucl-th--9703050
physics--0111119
physics--0408112
physics--0501018
physics--9703012
physics--9901048
q-alg--9703036
quant-ph--0104053
quant-ph--0111094
quant-ph--0408187
quant-ph--9901034
quant-ph--9910059
